Run semi-empirical minimization
 &qmmm
    qm_theory='AM1', grms_tol=0.0005,
  scfconv=1.d-10,   qmcharge=1,
 /
   8    O3       11.4760       21.0730       22.2900 
   6   C26       11.4580       21.3200       20.8750 
   6   C21       11.1150       19.8670       22.8500 
   6   C20       10.9410       18.6970       22.0870 
   6   C19       10.5820       17.4710       22.6990 
   6   C24       10.4080       17.4650       24.1030 
   6   C23       10.5730       18.6270       24.8680 
   6   C22       10.9250       19.8310       24.2360 
   6    C9       10.4070       16.2280       21.8830 
   6    C8       11.1140       15.0440       22.2040 
   6    C6       10.9480       13.8690       21.4500 
   6    C7       11.6980       12.6030       21.8350 
   6    C5       10.0530       13.8590       20.3650 
   7     N       12.5900       12.1380       20.7580 
   6    C2       13.9120       12.5450       20.5810 
   6    C3       11.8980       11.3370       19.7220 
   8    O4       14.5420       12.2000       19.5990 
   6    C4       10.9420       12.1730       18.8400 
   8     O        9.8570       12.7110       19.6330 
   6   C11        9.3190       15.0120       20.0460 
   6   C10        9.5110       16.1930       20.7900 
   6    C1       14.5700       13.3830       21.6890 
   6     C       16.1140       13.3990       21.6140 
   6   C12        8.3160       14.9770       18.9430 
   7    N1        7.1500       14.3110       19.2520 
   1   HN1        7.1450       13.8570       20.1520 
   8    O1        8.4970       15.4590       17.8440 
   6   C13        6.1460       13.9940       18.2310 
   6   C18        4.7340       13.8300       18.8420 
   7    N2        3.6610       13.4070       17.8230 
   6   C16        4.0960       12.1290       17.1040 
   1    H1        2.7410       13.2730       18.2830 
   1   H22        3.5290       14.1640       17.1250 
   6   C15        5.4900       12.2600       16.4530 
   6   C14        6.5570       12.7060       17.4800 
   8    O2       10.3780       18.5230       26.2280 
   6   C25       10.8790       17.4370       27.0260 
   1    HC       11.0840       18.7350       21.0170 
   1   HC1       10.1420       16.5420       24.5970 
   1   HC2       11.0490       20.7300       24.8210 
   1   HC3       11.7930       15.0430       23.0440 
   1   HC4       12.2960       12.8050       22.7240 
   1   HC5       10.9770       11.8180       22.0630 
   1   HC6       11.3190       10.5570       20.2170 
   1   HC7       12.6460       10.8670       19.0830 
   1   HC8       11.4980       12.9950       18.3890 
   1   HC9       10.5330       11.5400       18.0520 
   1  HC10        8.9650       17.0850       20.5210 
   1  HC11       14.2100       14.4080       21.6060 
   1  HC12       14.2700       12.9830       22.6570 
   1  HC13        6.1160       14.8140       17.5140 
   1  HC14        4.7840       13.0710       19.6230 
   1  HC15        4.4350       14.7770       19.2920 
   1  HC16        3.3670       11.9010       16.3260 
   1  HC17        4.1160       11.3090       17.8210 
   1  HC18        5.4390       12.9980       15.6530 
   1  HC19        5.7800       11.2970       16.0320 
   1  HC20        6.6990       11.9070       18.2070 
   1  HC21        7.4980       12.8840       16.9590 
   1  HC22       16.5160       13.9090       22.4890 
   1  HC23       16.4280       13.9240       20.7120 
   1  HC24       16.4870       12.3750       21.5870 
   1  HC25       11.6800       22.3700       20.6860 
   1  HC26       12.2080       20.6970       20.3880 
   1  HC27       10.4720       21.0800       20.4770 
   1  HC28       10.9360       17.7480       28.0690 
   1  HC29       10.2080       16.5820       26.9380 
   1  HC30       11.8720       17.1570       26.6750 

