Run semi-empirical minimization
 &qmmm
    qm_theory='AM1', grms_tol=0.0005,
  scfconv=1.d-10,   qmcharge=1,
 /
   8    O3       12.3260       12.1130       18.6240 
   6    C4       10.9350       18.0140       26.0640 
   6    C5       11.2360       15.9110       24.9700 
   8    O4       11.3130       20.6090       23.4250 
   6    C6       10.9510       16.1870       23.6390 
   7    N1       12.0870       13.3940       27.2190 
   6    C7        9.9530       17.2580       23.2730 
   6    C8       11.5990       15.4560       22.6530 
   7    N2       11.7080       11.2250       30.2430 
   6    C9       12.5220       14.4570       22.9710 
   6   C10       12.7960       14.2000       24.3210 
   6   C11       12.1540       14.9250       25.3370 
   6   C12       12.4370       14.6070       26.7740 
   6   C13       12.0290       13.0690       28.6470 
   6   C14       10.9380       13.8640       29.3530 
   6   C15       10.8140       13.4530       30.8190 
   6    C2       10.9840       19.5130       22.9760 
   6    C1       11.3150       19.1450       21.5420 
   6     C       11.7530       20.2940       20.6890 
   7     N       10.3650       18.5910       23.7390 
   6   C19       13.1430       13.6490       21.8900 
   6   C24       14.4930       13.2810       21.9330 
   6   C23       15.0550       12.5640       20.8830 
   8    O2       16.3770       12.2440       21.0310 
   6   C25       17.0000       11.3660       20.0960 
   6   C22       14.2900       12.1930       19.7860 
   6   C21       12.9580       12.5530       19.7550 
   6   C26       10.9180       12.2990       18.4970 
   6   C20       12.3800       13.2670       20.7900 
   8     O       10.5900       16.6170       25.9630 
   6    C3       10.0700       18.8560       25.1540 
   8    O1       12.8770       15.4680       27.5260 
   6   C18       11.7080       11.5950       28.8270 
   6   C16       10.6530       11.9500       30.9490 
   1   H42       10.7930       18.3420       27.0940 
   1   H43       11.9810       18.1460       25.7870 
   1   HN1       11.8550       12.6770       26.5470 
   1   H72        8.9930       17.0110       23.7250 
   1   H73        9.8390       17.2810       22.1890 
   1    H8       11.3840       15.6650       21.6150 
   1   H22       12.6030       11.4570       30.6490 
   1   H23       11.5480       10.2320       30.3300 
   1   H10       13.5110       13.4340       24.5830 
   1   H13       12.9920       13.2880       29.1080 
   1  H142        9.9870       13.6840       28.8520 
   1  H143       11.1760       14.9260       29.2980 
   1  H152       11.7120       13.7630       31.3530 
   1  H153        9.9470       13.9460       31.2580 
   1   H12       12.1180       18.4080       21.5570 
   1   H14       10.4340       18.6910       21.0880 
   1   H24       15.0990       13.5550       22.7840 
   1  H221       14.7280       11.6340       18.9730 
   1   H20       11.3330       13.5290       20.7440 
   1   H32        9.0220       18.6250       25.3470 
   1   H33       10.2490       19.9100       25.3650 
   1  H182       10.7240       11.3910       28.4060 
   1  H183       12.4530       10.9990       28.3010 
   1  H162       10.6880       11.6820       32.0050 
   1  H163        9.6860       11.6590       30.5400 
   1  H251       18.0300       11.1800       20.4020 
   1  H252       16.4550       10.4230       20.0650 
   1  H253       16.9920       11.8230       19.1070 
   1    H1       11.8670       19.9590       19.6580 
   1    H2       11.0050       21.0850       20.7330 
   1    H3       12.7070       20.6750       21.0540 
   1  H261       10.5760       11.8580       17.5610 
   1  H262       10.4110       11.8160       19.3330 
   1  H263       10.6910       13.3650       18.5010 

