
Initial FFT Block Distribution Based on Workload Estimate:

  FFT blocks assigned to   16 tasks

First FFT Block Distribution Based on Actual Workload:

  FFT blocks assigned to   76 tasks

Image Distribution at run step     294:

  Count of images assigned to each task:
          459      315      343      345      371      360      347      339
          325      326      543      350      281      270      315      316
          329      373      361      384      368      507      325      342
          343      349      351      331      325      332      332      535
          342      356      329      315      343      333      352      348
          367      360      508      354      344      359      359      349
          350      362      340      351      533      367      366      365
          357      365      358      361      368      358      383      477
          374      353      344      359      371      369      374      351
          348      548      378      305      346      335      336      349
          351      360      392      299

Atom Distribution No.     4 at run step    2902:

  Count of atoms assigned to each task:
          443      345      363      351      369      330      355      339
          357      342      513      344      282      279      342      351
          348      357      372      366      333      471      363      351
          357      357      360      336      348      348      363      504
          366      348      354      345      354      348      360      342
          360      354      498      351      360      345      363      360
          372      357      357      357      504      366      369      363
          345      357      351      351      369      345      360      465
          357      339      348      351      363      342      336      348
          354      510      369      288      346      345      366      363
          354      357      372      270

Atom Distribution No.     5 at run step    5821:

  Count of atoms assigned to each task:
          438      345      366      363      363      339      267      334
          363      351      510      339      356      345      342      360
          357      360      372      285      270      459      363      360
          366      360      372      333      345      354      366      507
          363      363      357      348      363      354      348      345
          357      339      516      354      354      357      351      342
          348      345      351      363      522      366      351      348
          348      360      357      363      360      357      348      528
          354      351      354      357      360      339      324      282
          354      513      372      349      267      345      354      378
          366      363      354      341

Atom Distribution No.     6 at run step    8731:

  Count of atoms assigned to each task:
          518      333      357      351      357      339      339      267
          352      330      555      336      323      333      327      345
          330      354      369      348      336      438      279      348
          348      357      351      327      339      351      360      552
          345      348      342      339      357      354      366      333
          354      345      540      357      351      354      360      348
          351      354      357      351      549      369      357      357
          369      372      375      339      369      348      378      528
          366      363      357      351      366      330      333      363
          282      528      373      285      360      336      369      351
          354      363      354      264

Atom Distribution No.     7 at run step   11656:

  Count of atoms assigned to each task:
          435      342      366      360      360      345      345      349
          285      348      516      348      335      333      333      348
          345      357      369      288      267      459      348      345
          354      354      348      339      345      342      366      513
          357      354      354      345      351      345      354      339
          357      342      507      345      345      351      357      348
          354      357      348      357      507      357      357      360
          366      375      363      354      375      357      381      495
          369      360      357      360      387      342      348      285
          354      513      297      355      363      351      354      369
          351      372      375      350

Atom Distribution No.     8 at run step   14604:

  Count of atoms assigned to each task:
          503      342      363      357      360      345      340      288
          363      339      522      341      342      345      336      351
          345      360      375      354      342      426      285      345
          351      354      351      333      330      345      351      513
          354      351      345      342      342      345      348      351
          348      339      507      351      354      363      366      351
          348      351      342      354      525      357      360      351
          363      363      363      360      372      348      369      507
          378      360      375      360      366      339      342      366
          282      525      384      279      358      348      360      366
          357      366      351      264

Atom Distribution No.     9 at run step   17524:

  Count of atoms assigned to each task:
          425      330      357      360      366      348      270      343
          333      345      498      330      356      333      345      354
          354      351      369      288      279      468      354      360
          342      366      366      345      345      354      363      510
          357      360      351      345      354      351      351      336
          351      336      495      345      357      354      354      354
          354      357      348      351      513      360      369      366
          357      366      363      363      375      366      375      489
          357      360      366      360      378      345      270      351
          354      507      381      361      291      348      369      363
          357      369      363      333

Atom Distribution No.    10 at run step   20460:

  Count of atoms assigned to each task:
          429      348      372      357      363      345      345      264
          364      348      528      341      333      333      333      354
          351      357      363      351      345      396      276      351
          348      354      351      339      333      348      351      504
          354      357      348      348      351      339      345      348
          351      354      501      348      360      354      363      351
          360      360      360      366      516      363      372      363
          375      372      366      363      375      354      369      480
          363      348      357      357      375      336      336      276
          345      507      393      288      352      348      366      369
          360      372      369      335

Atom Distribution No.    11 at run step   23394:

  Count of atoms assigned to each task:
          488      339      351      357      357      339      343      336
          276      339      513      330      335      330      333      342
          354      360      366      357      270      414      348      357
          357      351      360      345      345      354      366      507
          357      360      351      348      357      351      360      336
          360      342      516      351      357      363      369      357
          357      348      342      363      522      369      366      360
          357      363      375      363      381      357      369      483
          366      366      363      354      363      339      339      363
          294      504      372      358      276      342      372      366
          357      366      360      264

Atom Distribution No.    12 at run step   26326:

  Count of atoms assigned to each task:
          453      336      363      342      357      342      261      337
          342      345      552      345      323      333      330      348
          342      360      369      357      333      432      264      354
          354      354      354      330      327      342      366      534
          351      348      345      342      345      351      363      342
          348      339      525      336      363      357      363      354
          345      345      351      354      549      363      360      363
          369      363      369      360      366      360      366      510
          369      357      351      381      372      342      267      351
          360      534      378      279      339      352      357      369
          354      360      360      335

Atom Distribution No.    13 at run step   29222:

  Count of atoms assigned to each task:
          500      342      360      351      348      336      340      264
          348      345      525      345      326      324      333      339
          354      363      363      363      261      393      342      348
          354      357      360      339      333      342      354      510
          366      366      345      351      351      357      360      351
          348      348      504      357      369      354      357      360
          366      351      348      360      537      366      375      363
          366      369      378      366      360      360      372      480
          366      357      357      360      363      345      333      294
          357      501      375      361      360      273      369      375
          363      360      351      270

Atom Distribution No.    14 at run step   32129:

  Count of atoms assigned to each task:
          423      339      357      351      366      345      273      334
          342      336      501      342      347      330      339      333
          354      354      369      363      342      399      276      351
          357      363      363      336      336      354      369      498
          357      357      348      348      360      354      357      345
          354      336      507      354      360      363      372      354
          357      357      360      357      528      363      378      366
          366      369      369      360      375      363      375      483
          360      357      357      360      357      336      333      366
          279      513      366      279      343      354      360      369
          363      369      363      335

Atom Distribution No.    15 at run step   35034:

  Count of atoms assigned to each task:
          524      342      360      348      348      336      325      273
          372      357      540      341      330      348      354      369
          363      366      375      348      276      447      378      360
          351      357      357      339      357      366      375      531
          366      357      363      345      363      357      363      351
          354      348      540      342      345      345      342      333
          345      333      333      339      552      339      342      351
          357      360      366      351      360      342      357      510
          363      354      354      345      360      327      348      285
          360      528      358      345      270      342      357      357
          342      354      342      258

Atom Distribution No.    16 at run step   37972:

  Count of atoms assigned to each task:
          426      348      357      360      360      351      252      343
          339      342      519      345      341      336      327      342
          348      366      375      285      348      405      342      351
          345      360      351      345      330      348      363      495
          360      357      345      348      351      348      354      348
          360      339      498      363      363      360      360      351
          351      360      354      360      519      366      372      360
          363      366      369      366      375      354      369      489
          354      360      360      357      390      339      267      360
          351      507      306      367      360      345      360      369
          357      360      363      338

Atom Distribution No.    17 at run step   40871:

  Count of atoms assigned to each task:
          485      336      369      345      351      348      339      267
          352      345      516      345      323      342      330      357
          357      360      372      360      270      408      348      348
          363      363      369      330      342      342      366      510
          360      357      348      336      354      354      363      348
          357      333      504      360      357      360      363      348
          354      351      357      354      525      360      369      360
          366      369      378      357      384      357      363      489
          360      360      357      363      372      336      342      291
          351      504      384      279      358      339      369      366
          351      360      351      267

Atom Distribution No.    18 at run step   43779:

  Count of atoms assigned to each task:
          426      348      366      348      351      348      360      337
          276      339      516      348      338      336      333      345
          366      366      369      288      339      408      345      360
          357      360      366      333      330      342      360      510
          363      354      342      351      351      357      354      348
          357      333      513      351      354      354      360      348
          351      351      354      357      525      363      363      360
          363      372      357      363      372      363      363      483
          366      360      351      354      378      336      270      348
          354      516      375      355      279      345      360      369
          357      369      363      344

Atom Distribution No.    19 at run step   46682:

  Count of atoms assigned to each task:
          488      339      366      354      354      342      340      273
          357      342      519      347      333      330      339      348
          351      354      387      351      276      408      360      351
          354      351      363      330      345      345      369      507
          357      360      348      351      360      363      357      354
          360      342      507      357      357      357      357      357
          360      354      354      354      498      369      369      369
          363      360      351      354      381      357      369      495
          369      360      357      360      372      333      351      285
          348      501      366      285      352      339      357      357
          363      366      354      264

Atom Distribution No.    20 at run step   49589:

  Count of atoms assigned to each task:
          420      336      357      360      360      345      258      337
          339      342      513      336      344      333      330      345
          357      366      381      288      342      405      351      357
          363      360      360      336      333      339      357      510
          357      351      348      339      351      351      360      345
          354      348      495      360      366      363      369      357
          345      351      357      363      528      363      363      354
          369      369      372      354      357      366      372      483
          360      354      348      357      378      342      276      348
          348      501      384      358      294      348      372      369
          366      369      363      338

Major Routine Parallel Profiling - NonSetup CPU Seconds:

           D                                                              
           a                                                              
           t                                                              
           a                              D                               
           D         N                    i                               
           i         o                    h                               
           s         n             A      e      S      R      O         T
   T       t         B      B      n      d      h      u      t         o
   a       r         o      o      g      r      a      n      h         t
   s       i         n      n      l      a      k      M      e         a
   k       b         d      d      e      l      e      D      r         l
------------------------------------------------------------------------------
   0    57.0     143.4    0.2    1.5    5.2    0.7   11.8    0.2     219.9
   1    60.2     148.0    0.1    0.1    0.1    0.4   10.7    0.1     219.8
   2    59.1     149.5    0.1    0.1    0.1    0.4   10.5    0.1     220.0
   3    60.2     147.9    0.1    0.1    0.1    0.5   11.0    0.1     220.0
   4    60.1     148.2    0.1    0.1    0.1    0.4   10.7    0.2     220.0
   5    59.2     149.1    0.1    0.1    0.2    0.4   10.8    0.1     220.1
   6    62.3     142.3    0.1    0.9    3.2    0.4   10.4    0.2     219.8
   7    61.6     142.4    0.1    1.1    3.8    0.4   10.2    0.2     219.8
   8    61.6     145.1    0.1    0.5    1.6    0.4   10.5    0.2     220.0
   9    61.2     146.9    0.1    0.1    0.1    0.4   10.9    0.2     219.9
  10    53.4     153.0    0.1    0.1    0.1    0.8   12.5    0.2     220.1
  11    60.3     147.4    0.1    0.3    0.5    0.5   10.6    0.2     219.9
  12    61.3     145.2    0.1    0.8    1.6    0.4   10.4    0.2     220.0
  13    61.3     146.3    0.1    0.2    0.6    0.4   10.6    0.2     219.8
  14    60.5     148.0    0.1    0.1    0.1    0.4   10.6    0.2     220.0
  15    58.6     149.3    0.1    0.1    0.1    0.5   11.1    0.2     219.9
  16    59.0     149.2    0.1    0.1    0.1    0.4   10.9    0.2     220.0
  17    57.0     150.8    0.1    0.1    0.1    0.5   11.3    0.1     220.0
  18    57.2     150.7    0.1    0.1    0.1    0.4   11.0    0.2     219.9
  19    59.7     144.2    0.1    0.9    3.3    0.5   10.9    0.1     219.7
  20    62.7     140.9    0.1    1.2    4.3    0.4   10.2    0.2     220.0
  21    59.3     140.0    0.2    1.8    6.5    0.7   11.2    0.1     219.9
  22    61.4     144.1    0.1    0.8    2.6    0.4   10.5    0.2     220.0
  23    60.2     148.0    0.1    0.1    0.1    0.5   10.7    0.2     219.9
  24    59.9     148.7    0.1    0.1    0.1    0.4   10.5    0.1     220.0
  25    58.5     149.3    0.1    0.1    0.1    0.5   11.0    0.2     219.7
  26    59.3     149.1    0.1    0.1    0.1    0.4   10.7    0.2     220.1
  27    60.1     148.5    0.1    0.1    0.1    0.4   10.5    0.1     219.9
  28    58.9     148.6    0.1    0.1    0.1    0.4   11.3    0.2     219.7
  29    58.3     148.9    0.1    0.1    0.1    0.5   11.7    0.2     219.9
  30    58.4     149.0    0.1    0.1    0.1    0.5   11.6    0.3     220.0
  31    53.5     152.0    0.1    0.1    0.1    0.8   13.3    0.2     220.1
  32    58.3     149.4    0.1    0.1    0.1    0.4   11.4    0.2     220.0
  33    57.9     149.7    0.1    0.1    0.1    0.5   11.4    0.2     220.0
  34    59.0     148.5    0.1    0.1    0.1    0.4   11.4    0.3     220.0
  35    59.4     148.3    0.1    0.1    0.1    0.5   11.2    0.2     219.8
  36    58.8     149.1    0.1    0.1    0.1    0.4   11.3    0.2     220.0
  37    59.8     148.1    0.1    0.1    0.1    0.5   11.1    0.1     219.9
  38    57.9     149.4    0.1    0.1    0.1    0.4   11.6    0.3     220.0
  39    58.1     149.5    0.1    0.1    0.1    0.4   11.3    0.2     219.9
  40    57.6     149.7    0.1    0.1    0.1    0.4   11.8    0.2     220.0
  41    58.1     149.5    0.1    0.1    0.1    0.4   11.5    0.2     220.0
  42    52.5     152.8    0.1    0.1    0.1    0.8   13.6    0.1     219.9
  43    58.3     149.0    0.1    0.1    0.1    0.4   11.6    0.2     219.9
  44    57.0     149.9    0.1    0.1    0.1    0.4   12.1    0.3     220.0
  45    58.0     149.2    0.1    0.1    0.1    0.4   11.7    0.2     219.9
  46    58.1     148.9    0.1    0.1    0.1    0.4   12.0    0.3     220.0
  47    59.8     147.8    0.1    0.1    0.1    0.5   11.3    0.2     219.9
  48    59.6     147.8    0.1    0.1    0.1    0.4   11.7    0.2     220.0
  49    59.1     148.5    0.1    0.1    0.1    0.5   11.4    0.2     219.9
  50    59.1     148.2    0.1    0.1    0.1    0.5   11.6    0.2     220.0
  51    58.2     149.1    0.1    0.1    0.1    0.5   11.6    0.2     219.8
  52    53.7     151.5    0.0    0.1    0.1    0.8   13.8    0.1     220.1
  53    58.1     149.4    0.1    0.1    0.1    0.5   11.5    0.2     220.0
  54    58.1     148.9    0.1    0.1    0.1    0.5   12.0    0.2     220.0
  55    57.9     149.5    0.1    0.1    0.1    0.5   11.5    0.2     219.8
  56    59.0     149.2    0.1    0.1    0.1    0.5   11.0    0.1     220.0
  57    58.0     150.2    0.1    0.1    0.1    0.5   10.9    0.1     220.0
  58    58.3     149.8    0.1    0.1    0.1    0.4   11.1    0.2     220.0
  59    58.7     149.2    0.1    0.1    0.1    0.5   11.1    0.1     219.9
  60    58.6     149.1    0.1    0.1    0.1    0.5   11.3    0.2     220.0
  61    59.1     149.0    0.1    0.1    0.1    0.5   10.9    0.1     219.9
  62    57.9     150.3    0.1    0.1    0.1    0.5   11.0    0.1     220.1
  63    55.3     150.2    0.1    0.2    0.6    0.8   12.2    0.1     219.4
  64    59.0     149.1    0.1    0.1    0.1    0.5   11.0    0.1     220.0
  65    58.3     149.8    0.1    0.1    0.1    0.5   10.9    0.1     220.0
  66    58.8     149.3    0.1    0.1    0.1    0.4   11.0    0.1     220.0
  67    57.6     150.3    0.1    0.1    0.1    0.5   11.0    0.1     219.7
  68    57.4     150.8    0.1    0.1    0.1    0.5   10.9    0.2     220.0
  69    60.2     148.7    0.1    0.1    0.1    0.5   10.1    0.1     219.9
  70    62.1     143.6    0.1    0.8    2.7    0.4   10.2    0.1     220.0
  71    61.6     142.4    0.2    1.1    3.8    0.4   10.2    0.1     219.9
  72    61.8     144.3    0.1    0.7    2.2    0.4   10.4    0.1     220.0
  73    53.6     152.8    0.1    0.1    0.1    0.8   12.3    0.1     219.8
  74    58.4     148.6    0.1    0.4    1.1    0.5   10.8    0.1     220.0
  75    59.9     143.4    0.1    1.3    4.2    0.5   10.4    0.1     219.9
  76    60.0     144.6    0.1    1.0    3.1    0.4   10.5    0.1     220.0
  77    60.1     147.8    0.1    0.2    0.6    0.5   10.5    0.1     219.9
  78    59.0     149.5    0.1    0.1    0.1    0.5   10.7    0.1     220.1
  79    58.2     150.0    0.1    0.1    0.1    0.5   10.9    0.2     219.9
  80    60.2     148.3    0.1    0.1    0.1    0.5   10.7    0.1     220.0
  81    58.9     149.3    0.1    0.1    0.1    0.5   10.8    0.1     219.9
  82    59.7     148.8    0.1    0.1    0.1    0.5   10.6    0.1     220.0
  83    62.7     140.6    0.2    1.2    4.5    0.4   10.2    0.1     220.0
------------------------------------------------------------------------------
 avg    58.9     148.1    0.1    0.3    0.7    0.5   11.1    0.2     219.9
 min    52.5     140.0    0.0    0.1    0.1    0.4   10.1    0.1     219.4
 max    62.7     153.0    0.2    1.8    6.5    0.8   13.8    0.3     220.1
 std     2.0       2.7    0.0    0.4    1.4    0.1    0.7    0.0       0.1
------------------------------------------------------------------------------

PME NonBond Parallel Profiling - NonSetup CPU Seconds:

                     D                           
           P         i         R                 
           a         r         e      L          
           i         e         c      o          
           r         c         i      a         T
   T       l         t         p      d         o
   a       i         F         F      B         t
   s       s         r         r      a         a
   k       t         c         c      l         l
-------------------------------------------------
   0    20.2     122.7       0.0    0.1     143.0
   1    16.6      96.3      34.8    0.1     147.9
   2    17.2      97.0      34.8    0.1     149.1
   3    17.0      97.7      32.8    0.1     147.6
   4    17.3      97.3      33.0    0.1     147.7
   5    17.2     100.2      31.4    0.1     149.0
   6    16.2      91.4      34.2    0.2     142.0
   7    16.3      93.7      32.2    0.2     142.3
   8    16.8      93.4      34.4    0.2     144.7
   9    16.7      95.7      34.2    0.2     146.8
  10    22.5     129.6       0.2    0.2     152.5
  11    17.0      96.6      33.4    0.2     147.2
  12    16.8      93.4      34.4    0.2     144.8
  13    16.7      95.1      34.3    0.2     146.2
  14    17.0      96.8      33.8    0.2     147.8
  15    17.6      98.8      32.7    0.2     149.2
  16    17.5      98.2      32.9    0.2     148.8
  17    18.1     101.4      31.1    0.2     150.7
  18    18.4     100.5      31.1    0.2     150.3
  19    17.2      95.3      31.6    0.2     144.2
  20    15.9      89.7      34.9    0.2     140.8
  21    20.2     119.7       0.0    0.2     140.1
  22    16.7      90.9      35.9    0.2     143.8
  23    17.6      96.2      33.8    0.2     147.8
  24    17.5      96.0      34.6    0.2     148.4
  25    17.8      99.4      31.8    0.2     149.2
  26    17.8      97.7      33.0    0.2     148.7
  27    17.0      99.4      31.7    0.2     148.3
  28    17.0     100.6      30.6    0.2     148.5
  29    17.2      99.3      32.2    0.2     148.8
  30    17.6      98.4      32.6    0.2     148.8
  31    22.3     129.0       0.2    0.2     151.8
  32    17.6      99.5      31.7    0.2     149.1
  33    17.7      99.3      32.2    0.3     149.4
  34    17.2      97.7      33.1    0.3     148.2
  35    17.0      95.5      35.3    0.3     148.0
  36    17.2      95.2      36.1    0.3     148.7
  37    17.2      94.8      35.7    0.3     147.9
  38    17.4      98.4      32.9    0.3     149.0
  39    17.2      98.7      32.9    0.3     149.1
  40    17.7      99.9      31.7    0.3     149.6
  41    17.0      98.5      33.6    0.3     149.4
  42    22.0     130.4       0.0    0.3     152.7
  43    17.3      98.3      33.0    0.2     148.9
  44    17.7      99.6      32.3    0.2     149.8
  45    17.5      99.0      32.2    0.2     149.0
  46    17.7      99.0      31.9    0.2     148.8
  47    17.0      95.8      34.6    0.2     147.6
  48    16.9      96.9      33.7    0.2     147.7
  49    17.0      97.7      33.5    0.2     148.4
  50    17.1      97.8      33.0    0.2     148.1
  51    17.3      99.4      32.1    0.2     149.0
  52    21.7     129.5       0.2    0.2     151.7
  53    17.4     100.4      31.4    0.1     149.3
  54    17.5     101.4      30.1    0.1     149.0
  55    17.3     101.9      30.0    0.1     149.3
  56    17.5     100.8      30.6    0.1     149.0
  57    18.2     100.8      31.0    0.1     150.1
  58    18.2     100.3      30.9    0.1     149.6
  59    18.0     100.1      30.8    0.1     149.1
  60    18.3      99.3      31.3    0.1     149.1
  61    17.7      99.7      31.4    0.1     148.9
  62    18.2     102.7      29.3    0.1     150.3
  63    21.5     128.4       0.0    0.1     150.0
  64    18.2      98.8      31.8    0.1     149.0
  65    18.0     100.1      31.4    0.1     149.7
  66    17.9      99.1      32.1    0.1     149.1
  67    18.2     100.8      31.1    0.1     150.2
  68    18.4     101.2      30.8    0.1     150.4
  69    17.6     101.3      29.6    0.1     148.6
  70    16.4      91.8      35.1    0.1     143.4
  71    16.9      91.8      33.5    0.1     142.3
  72    17.1      92.3      34.7    0.1     144.2
  73    22.7     129.5       0.2    0.1     152.5
  74    18.0      97.6      32.5    0.1     148.3
  75    16.5      92.0      34.8    0.1     143.3
  76    16.8      95.9      31.8    0.1     144.6
  77    17.3      98.8      31.3    0.1     147.5
  78    18.2      99.8      31.2    0.1     149.3
  79    18.4     101.2      30.0    0.1     149.8
  80    17.8      97.1      33.0    0.1     148.0
  81    18.2      99.2      31.6    0.1     149.1
  82    17.8      96.9      33.9    0.1     148.8
  83    15.7      89.1      35.8    0.1     140.7
-------------------------------------------------
 avg    17.8     100.5      29.6    0.2     148.0
-------------------------------------------------
