
Initial FFT Block Distribution Based on Workload Estimate:

  FFT blocks assigned to   16 tasks

First FFT Block Distribution Based on Actual Workload:

  FFT blocks assigned to   76 tasks

Image Distribution at run step     293:

  Count of images assigned to each task:
          426      320      326      345      367      355      354      341
          316      340      516      354      285      278      330      335
          341      365      360      358      368      494      340      332
          359      353      355      361      347      343      347      509
          373      359      340      337      338      353      360      359
          377      346      504      366      358      376      390      378
          344      359      349      350      525      364      373      349
          361      352      344      356      378      350      372      471
          345      356      352      351      370      371      348      332
          337      520      358      287      369      333      330      333
          354      345      386      305

Atom Distribution No.     4 at run step    2866:

  Count of atoms assigned to each task:
          440      354      351      354      363      324      339      334
          348      351      495      363      281      273      345      357
          354      354      369      369      339      471      363      345
          363      357      354      345      348      348      354      492
          360      366      351      351      366      354      354      351
          351      342      486      357      333      360      363      360
          345      351      357      348      486      357      360      357
          369      363      354      360      348      363      372      444
          357      363      357      375      360      354      342      360
          363      504      363      282      352      351      366      375
          357      354      366      276

Atom Distribution No.     5 at run step    5794:

  Count of atoms assigned to each task:
          423      354      351      357      357      336      336      264
          343      363      501      360      341      336      333      354
          357      366      369      354      273      408      348      363
          375      369      366      342      351      342      354      498
          369      357      351      330      354      348      354      345
          351      339      477      345      339      354      354      354
          345      348      351      348      504      354      363      348
          372      354      351      363      360      372      378      495
          369      360      360      369      369      360      354      285
          351      510      366      364      282      348      360      369
          369      378      372      347

Atom Distribution No.     6 at run step    8701:

  Count of atoms assigned to each task:
          596      351      348      345      351      342      337      339
          267      357      603      347      321      324      333      342
          351      357      357      285      327      507      336      342
          354      357      336      333      330      345      348      594
          339      339      330      315      333      333      357      342
          345      333      579      327      330      348      354      342
          336      327      333      327      612      345      363      327
          360      345      336      348      351      357      363      597
          360      354      354      366      357      342      324      348
          273      633      375      273      336      330      343      369
          360      357      354      270

Atom Distribution No.     7 at run step   11617:

  Count of atoms assigned to each task:
          423      342      348      360      354      345      255      337
          333      360      495      351      347      330      351      351
          357      360      357      372      273      399      351      354
          351      369      366      357      345      345      357      495
          360      351      354      339      348      354      360      351
          354      348      477      348      345      360      360      363
          357      354      360      345      501      369      375      357
          369      357      354      372      363      366      366      486
          348      369      360      372      372      348      342      276
          357      498      384      364      339      354      282      378
          363      378      372      344

Atom Distribution No.     8 at run step   14558:

  Count of atoms assigned to each task:
          491      363      348      357      357      348      334      270
          348      360      489      351      329      276      342      348
          354      357      354      351      339      408      351      366
          363      357      360      342      342      348      345      507
          366      357      348      336      351      363      369      348
          354      345      492      351      351      357      357      351
          348      354      360      354      510      363      363      357
          369      363      357      363      357      357      366      504
          372      354      360      363      363      351      342      363
          288      516      369      285      355      354      363      372
          366      363      351      267

Atom Distribution No.     9 at run step   17475:

  Count of atoms assigned to each task:
          426      351      354      363      363      345      255      331
          336      363      492      348      345      335      345      342
          351      360      351      357      273      396      360      354
          357      360      372      357      336      348      354      489
          354      363      354      342      354      354      351      348
          354      342      495      348      348      354      354      354
          360      354      348      351      480      360      366      354
          387      375      351      372      366      369      369      531
          369      360      351      372      366      360      276      342
          339      498      378      361      279      351      354      363
          378      378      360      347

Atom Distribution No.    10 at run step   20376:

  Count of atoms assigned to each task:
          485      363      345      354      363      348      330      261
          340      360      495      357      275      321      339      342
          357      363      363      366      342      402      357      363
          363      363      363      342      351      357      363      492
          366      363      354      351      354      357      357      351
          357      351      486      348      351      354      363      369
          354      351      366      348      498      372      378      357
          378      366      360      360      363      354      363      498
          357      360      360      366      354      336      339      285
          360      507      360      282      346      348      357      369
          354      366      357      267

Atom Distribution No.    11 at run step   23304:

  Count of atoms assigned to each task:
          434      345      348      366      351      336      342      325
          273      357      522      363      326      336      330      357
          354      360      363      351      270      426      357      357
          357      360      354      348      348      357      366      516
          363      348      354      336      357      354      360      345
          345      333      507      345      342      351      357      342
          345      342      351      342      513      357      375      360
          366      360      357      360      372      363      366      498
          363      360      369      369      372      354      273      345
          354      522      378      352      273      351      360      372
          366      366      360      333

Atom Distribution No.    12 at run step   26233:

  Count of atoms assigned to each task:
          425      345      354      360      345      345      336      264
          334      357      507      357      332      324      342      345
          366      372      369      285      339      402      351      363
          363      372      369      342      351      351      360      501
          378      360      345      342      354      348      360      354
          354      348      492      351      336      351      360      354
          354      345      354      345      501      357      363      351
          366      375      348      366      372      360      363      480
          351      372      363      369      366      351      339      276
          369      513      375      291      342      361      351      375
          366      363      372      333

Atom Distribution No.    13 at run step   29149:

  Count of atoms assigned to each task:
          438      363      360      357      360      342      336      316
          276      357      492      354      335      333      339      354
          351      357      357      351      273      396      351      348
          366      363      360      345      339      348      354      498
          363      360      351      333      354      351      351      348
          354      336      486      345      345      366      363      354
          348      345      351      348      489      363      372      348
          375      366      363      369      375      360      369      510
          357      369      366      372      369      342      348      357
          291      519      375      355      351      282      357      375
          366      369      369      344

Atom Distribution No.    14 at run step   32072:

  Count of atoms assigned to each task:
          494      354      363      357      357      345      339      264
          340      366      492      351      326      339      345      357
          357      354      360      351      339      408      288      366
          360      360      372      336      348      354      354      498
          360      354      345      339      363      351      351      336
          342      339      507      351      342      357      360      357
          348      351      363      345      495      363      351      348
          372      360      369      360      363      354      372      486
          357      366      363      372      360      351      348      279
          372      522      378      285      355      366      360      375
          354      369      354      279

Atom Distribution No.    15 at run step   35030:

  Count of atoms assigned to each task:
          423      357      348      354      357      339      342      331
          273      369      489      357      338      336      345      354
          354      351      360      291      276      462      363      360
          363      366      363      354      336      354      357      492
          360      360      351      342      357      363      354      345
          357      357      501      342      339      354      354      366
          354      345      357      351      489      360      363      351
          375      363      369      360      357      354      363      492
          360      360      354      369      369      348      342      357
          291      525      375      355      273      354      348      369
          360      366      375      344

Atom Distribution No.    16 at run step   37939:

  Count of atoms assigned to each task:
          503      354      360      354      351      342      325      261
          342      360      507      351      329      339      342      360
          357      366      360      360      342      408      282      354
          366      366      360      342      354      357      360      507
          369      354      351      345      363      357      357      345
          351      351      489      345      342      369      369      354
          345      348      360      345      480      360      363      354
          369      366      348      357      354      363      366      501
          378      357      363      360      363      348      339      282
          360      498      378      282      343      360      357      372
          357      372      360      273

Atom Distribution No.    17 at run step   40854:

  Count of atoms assigned to each task:
          417      354      345      357      354      345      264      331
          327      360      489      363      347      339      345      351
          354      366      372      297      285      462      357      363
          366      369      366      339      345      351      363      516
          363      354      357      351      363      348      360      348
          354      342      492      351      339      354      357      348
          351      354      357      345      486      366      369      357
          384      363      348      360      360      363      366      486
          357      357      366      363      363      351      273      351
          342      513      372      358      279      342      360      366
          366      372      366      341

Atom Distribution No.    18 at run step   43776:

  Count of atoms assigned to each task:
          485      354      357      348      354      348      339      261
          337      351      510      345      338      339      333      360
          357      366      366      357      342      405      279      354
          369      372      363      348      354      357      366      513
          372      360      351      351      363      354      360      351
          354      345      498      360      342      354      360      351
          351      354      366      342      498      366      363      369
          378      360      342      360      351      354      372      495
          345      351      351      363      372      351      339      279
          357      501      372      282      355      354      354      363
          363      360      357      270

Atom Distribution No.    19 at run step   46698:

  Count of atoms assigned to each task:
          420      345      348      351      351      345      342      331
          270      357      492      363      335      327      339      345
          357      354      363      357      276      402      363      351
          366      360      363      360      342      345      351      507
          363      363      357      342      354      360      363      348
          351      339      489      348      348      357      366      357
          351      354      363      342      483      363      369      351
          375      354      363      366      357      363      369      486
          348      372      378      378      366      354      276      342
          348      519      381      352      279      354      351      369
          363      372      375      344

Atom Distribution No.    20 at run step   49610:

  Count of atoms assigned to each task:
          500      357      357      354      360      345      324      264
          346      351      504      354      329      333      342      360
          348      360      375      351      339      414      285      351
          378      369      348      342      354      360      363      513
          357      354      354      348      357      351      351      351
          354      342      489      342      345      357      366      354
          345      348      357      342      489      357      366      360
          375      357      369      372      360      354      366      486
          366      354      360      366      372      354      336      282
          348      513      378      282      352      351      354      369
          366      372      363      270

Major Routine Parallel Profiling - NonSetup CPU Seconds:

           D                                                              
           a                                                              
           t                                                              
           a                              D                               
           D         N                    i                               
           i         o                    h                               
           s         n             A      e      S      R      O         T
   T       t         B      B      n      d      h      u      t         o
   a       r         o      o      g      r      a      n      h         t
   s       i         n      n      l      a      k      M      e         a
   k       b         d      d      e      l      e      D      r         l
------------------------------------------------------------------------------
   0    52.3     142.1    0.2    1.5    5.3    0.6   12.0    0.2     214.3
   1    55.3     147.2    0.1    0.1    0.1    0.4   10.9    0.2     214.4
   2    55.4     147.8    0.1    0.1    0.1    0.4   10.4    0.1     214.4
   3    55.9     146.4    0.1    0.1    0.1    0.4   11.1    0.2     214.3
   4    55.5     146.9    0.1    0.1    0.1    0.4   10.8    0.2     214.3
   5    55.5     147.0    0.1    0.1    0.2    0.4   10.9    0.2     214.4
   6    57.6     143.4    0.1    0.5    1.7    0.4   10.5    0.3     214.4
   7    58.4     139.3    0.1    1.2    4.2    0.3   10.4    0.2     214.2
   8    57.8     141.6    0.1    0.8    2.8    0.3   10.6    0.2     214.3
   9    55.9     146.4    0.1    0.1    0.1    0.4   11.1    0.2     214.2
  10    50.0     150.8    0.1    0.1    0.1    0.7   12.4    0.2     214.4
  11    55.5     146.4    0.1    0.1    0.2    0.4   11.1    0.2     214.1
  12    56.6     143.3    0.1    1.1    2.4    0.4   10.3    0.2     214.3
  13    57.5     144.0    0.1    0.4    1.2    0.4   10.6    0.2     214.4
  14    55.9     146.5    0.1    0.1    0.1    0.4   11.0    0.2     214.3
  15    54.7     147.4    0.1    0.1    0.1    0.4   11.3    0.2     214.3
  16    54.4     147.8    0.1    0.1    0.1    0.4   11.2    0.2     214.4
  17    53.2     148.8    0.1    0.1    0.1    0.5   11.5    0.2     214.4
  18    54.3     147.9    0.1    0.1    0.1    0.4   11.2    0.2     214.3
  19    55.4     144.3    0.1    0.7    2.3    0.4   11.0    0.1     214.3
  20    58.2     139.1    0.1    1.2    4.3    0.3   10.9    0.2     214.4
  21    56.0     137.1    0.2    1.9    6.9    0.7   11.4    0.1     214.3
  22    56.6     143.9    0.1    0.7    2.1    0.4   10.5    0.2     214.4
  23    55.5     146.7    0.1    0.1    0.1    0.5   11.1    0.2     214.3
  24    55.6     146.9    0.1    0.1    0.1    0.4   10.9    0.2     214.3
  25    54.4     147.7    0.1    0.1    0.1    0.4   11.3    0.2     214.2
  26    54.3     148.1    0.1    0.1    0.1    0.4   11.1    0.2     214.5
  27    55.2     147.5    0.1    0.1    0.1    0.4   10.9    0.2     214.4
  28    54.7     147.9    0.1    0.1    0.1    0.4   11.0    0.1     214.4
  29    54.6     147.3    0.1    0.1    0.1    0.4   11.4    0.2     214.2
  30    54.2     147.6    0.1    0.1    0.1    0.4   11.5    0.2     214.3
  31    50.4     149.5    0.1    0.1    0.1    0.8   13.4    0.2     214.4
  32    54.1     148.1    0.1    0.1    0.1    0.4   11.2    0.1     214.3
  33    54.7     147.4    0.1    0.1    0.1    0.5   11.3    0.2     214.3
  34    55.3     146.9    0.1    0.1    0.1    0.4   11.2    0.2     214.2
  35    56.1     146.3    0.1    0.1    0.1    0.4   11.0    0.2     214.4
  36    55.1     147.0    0.1    0.1    0.1    0.4   11.3    0.2     214.4
  37    56.2     146.3    0.1    0.1    0.1    0.5   11.0    0.1     214.3
  38    54.1     147.7    0.1    0.1    0.1    0.4   11.5    0.2     214.4
  39    55.2     147.1    0.1    0.1    0.1    0.4   11.1    0.2     214.3
  40    53.7     148.2    0.1    0.1    0.1    0.4   11.6    0.1     214.4
  41    54.5     147.6    0.1    0.1    0.1    0.4   11.3    0.2     214.3
  42    49.5     150.5    0.1    0.1    0.1    0.8   13.2    0.1     214.3
  43    55.0     147.2    0.1    0.1    0.1    0.4   11.3    0.2     214.3
  44    54.2     147.7    0.1    0.1    0.1    0.4   11.6    0.2     214.4
  45    54.9     147.2    0.1    0.1    0.1    0.5   11.3    0.2     214.3
  46    54.5     147.1    0.1    0.1    0.1    0.4   11.8    0.2     214.3
  47    55.6     146.6    0.1    0.1    0.1    0.4   11.4    0.2     214.4
  48    55.1     146.6    0.1    0.1    0.1    0.4   11.7    0.2     214.3
  49    55.2     146.9    0.1    0.1    0.1    0.5   11.3    0.2     214.3
  50    54.8     147.1    0.1    0.1    0.1    0.4   11.5    0.2     214.3
  51    56.1     146.2    0.1    0.1    0.1    0.4   11.1    0.1     214.3
  52    50.9     148.9    0.1    0.1    0.1    0.8   13.5    0.1     214.4
  53    54.2     147.6    0.1    0.1    0.1    0.4   11.4    0.2     214.1
  54    53.7     148.3    0.1    0.1    0.1    0.5   11.5    0.1     214.4
  55    55.1     147.1    0.1    0.1    0.1    0.5   11.3    0.2     214.3
  56    54.5     147.8    0.1    0.1    0.1    0.5   11.1    0.1     214.2
  57    54.4     148.1    0.1    0.1    0.1    0.5   11.1    0.1     214.5
  58    56.1     146.6    0.1    0.1    0.1    0.4   10.7    0.1     214.3
  59    54.6     147.8    0.1    0.1    0.1    0.5   11.1    0.1     214.4
  60    55.6     146.7    0.1    0.1    0.1    0.4   11.0    0.2     214.2
  61    54.6     147.7    0.1    0.1    0.1    0.5   11.1    0.1     214.3
  62    54.4     148.3    0.1    0.1    0.1    0.4   11.0    0.1     214.5
  63    51.7     148.5    0.1    0.2    0.6    0.8   12.3    0.1     214.3
  64    55.6     147.0    0.1    0.1    0.1    0.4   10.8    0.2     214.4
  65    54.2     148.3    0.1    0.1    0.1    0.5   11.0    0.1     214.3
  66    55.0     147.6    0.1    0.1    0.1    0.5   10.8    0.1     214.3
  67    53.0     149.3    0.1    0.1    0.1    0.5   11.1    0.2     214.3
  68    53.9     148.9    0.1    0.1    0.1    0.4   10.7    0.2     214.4
  69    55.0     148.1    0.1    0.1    0.1    0.5   10.4    0.1     214.4
  70    58.1     142.6    0.1    0.7    2.2    0.4   10.2    0.2     214.4
  71    58.0     139.6    0.1    1.2    4.2    0.4   10.5    0.1     214.4
  72    56.3     143.9    0.1    0.7    2.3    0.4   10.3    0.1     214.2
  73    49.5     151.1    0.1    0.1    0.1    0.8   12.6    0.2     214.3
  74    54.4     148.1    0.1    0.1    0.1    0.5   10.9    0.2     214.4
  75    56.3     140.8    0.1    1.4    4.6    0.4   10.5    0.2     214.3
  76    56.5     142.5    0.1    1.0    3.2    0.4   10.5    0.2     214.4
  77    56.3     145.8    0.1    0.2    0.6    0.5   10.6    0.1     214.2
  78    55.8     146.6    0.1    0.2    0.6    0.5   10.5    0.1     214.4
  79    53.9     148.3    0.1    0.1    0.1    0.5   11.2    0.2     214.3
  80    55.9     146.8    0.1    0.1    0.1    0.5   10.8    0.1     214.4
  81    54.6     147.8    0.1    0.1    0.1    0.5   11.0    0.2     214.3
  82    55.2     147.6    0.1    0.1    0.1    0.5   10.7    0.1     214.4
  83    58.6     139.2    0.1    1.2    4.4    0.4   10.3    0.1     214.5
------------------------------------------------------------------------------
 avg    55.0     146.5    0.1    0.3    0.7    0.5   11.2    0.2     214.3
 min    49.5     137.1    0.1    0.1    0.1    0.3   10.2    0.1     214.1
 max    58.6     151.1    0.2    1.9    6.9    0.8   13.5    0.3     214.5
 std     1.8       2.7    0.0    0.4    1.4    0.1    0.6    0.0       0.1
------------------------------------------------------------------------------

PME NonBond Parallel Profiling - NonSetup CPU Seconds:

                     D                           
           P         i         R                 
           a         r         e      L          
           i         e         c      o          
           r         c         i      a         T
   T       l         t         p      d         o
   a       i         F         F      B         t
   s       s         r         r      a         a
   k       t         c         c      l         l
-------------------------------------------------
   0    20.2     121.4       0.0    0.1     141.7
   1    17.6      96.9      32.5    0.1     147.0
   2    17.3      96.3      33.7    0.1     147.4
   3    17.6      97.2      31.3    0.1     146.2
   4    17.7      97.6      31.0    0.1     146.5
   5    17.5      99.2      30.0    0.1     146.8
   6    16.7      94.3      32.0    0.1     143.1
   7    16.2      91.8      31.1    0.1     139.3
   8    16.5      90.9      33.8    0.1     141.3
   9    17.8      96.7      31.7    0.1     146.3
  10    22.0     127.9       0.3    0.1     150.4
  11    17.6      97.6      30.9    0.1     146.2
  12    16.8      92.8      33.3    0.1     143.0
  13    16.8      94.0      32.9    0.1     143.8
  14    17.5      97.6      31.1    0.1     146.3
  15    17.8      99.3      30.2    0.1     147.4
  16    17.9      99.3      30.1    0.1     147.4
  17    18.3     101.2      29.1    0.1     148.7
  18    18.1      99.6      29.7    0.1     147.5
  19    17.7      97.1      29.4    0.1     144.3
  20    16.3      90.1      32.5    0.1     139.0
  21    20.1     116.9       0.0    0.1     137.2
  22    17.1      92.7      33.7    0.1     143.6
  23    17.9      96.8      31.8    0.1     146.6
  24    18.0      97.2      31.3    0.1     146.6
  25    18.1      99.6      29.6    0.1     147.5
  26    18.2      99.0      30.5    0.1     147.8
  27    17.7     100.6      29.0    0.1     147.3
  28    17.4     102.0      28.3    0.1     147.8
  29    17.3      99.3      30.6    0.1     147.2
  30    17.4      99.3      30.5    0.2     147.4
  31    21.8     127.0       0.3    0.2     149.3
  32    18.0     100.6      29.1    0.2     147.8
  33    17.6      98.7      30.7    0.2     147.2
  34    17.3      98.0      31.0    0.2     146.5
  35    16.9      95.6      33.4    0.2     146.1
  36    17.4      96.8      32.3    0.2     146.7
  37    17.3      95.3      33.3    0.2     146.0
  38    17.8      99.3      30.1    0.2     147.4
  39    17.3      97.5      31.9    0.2     146.9
  40    17.8     100.4      29.7    0.2     148.1
  41    17.3      98.1      31.9    0.2     147.4
  42    21.5     128.7       0.0    0.2     150.4
  43    17.3      97.4      32.1    0.2     147.0
  44    17.4      98.8      31.3    0.2     147.6
  45    17.7      97.8      31.4    0.2     147.1
  46    17.8      98.7      30.4    0.2     147.1
  47    17.3      95.8      33.3    0.2     146.5
  48    17.1      97.1      32.1    0.2     146.6
  49    17.1      97.1      32.3    0.2     146.7
  50    17.5      98.1      31.3    0.2     147.1
  51    17.0      96.6      32.6    0.2     146.3
  52    21.2     127.5       0.3    0.2     149.1
  53    17.6      99.7      30.1    0.1     147.5
  54    17.8     102.5      28.0    0.1     148.4
  55    17.1      99.6      30.2    0.1     147.0
  56    18.1     101.1      28.4    0.1     147.7
  57    18.1      99.9      29.9    0.1     148.0
  58    17.8      97.2      31.3    0.1     146.3
  59    18.2      99.2      30.1    0.1     147.6
  60    18.0      97.6      30.9    0.1     146.6
  61    18.1      99.8      29.7    0.1     147.7
  62    18.2     101.4      28.5    0.1     148.2
  63    21.6     126.7       0.0    0.1     148.4
  64    18.1      98.3      30.5    0.1     146.9
  65    18.3     100.4      29.4    0.1     148.1
  66    18.1      98.7      30.5    0.1     147.4
  67    18.7     100.9      29.5    0.1     149.2
  68    18.3     100.1      30.0    0.1     148.4
  69    18.1     102.1      27.7    0.1     148.0
  70    16.7      91.9      33.6    0.1     142.3
  71    16.7      90.0      32.7    0.1     139.6
  72    17.3      92.9      33.5    0.1     143.8
  73    22.7     127.8       0.2    0.1     150.8
  74    18.4      98.7      30.5    0.1     147.7
  75    16.4      90.8      33.4    0.1     140.7
  76    16.8      94.5      30.9    0.1     142.3
  77    17.5      97.8      30.3    0.1     145.7
  78    18.0      97.5      30.8    0.1     146.4
  79    18.7     101.1      28.2    0.1     148.1
  80    18.2      96.8      31.6    0.1     146.6
  81    18.5      98.9      30.1    0.1     147.6
  82    18.1      96.8      32.6    0.1     147.5
  83    16.0      88.7      34.6    0.1     139.3
-------------------------------------------------
 avg    17.9     100.1      28.1    0.1     146.3
-------------------------------------------------
