
Initial FFT Block Distribution Based on Workload Estimate:

  FFT blocks assigned to   16 tasks

First FFT Block Distribution Based on Actual Workload:

  FFT blocks assigned to   76 tasks

Image Distribution at run step     299:

  Count of images assigned to each task:
          445      312      345      347      368      374      348      328
          319      327      531      372      294      329      257      327
          352      355      361      371      365      501      339      336
          351      335      345      358      319      333      314      532
          375      360      327      335      330      338      370      364
          359      363      485      342      355      365      370      362
          327      349      356      375      549      358      363      362
          377      357      354      355      348      360      376      499
          362      361      345      371      376      367      352      361
          358      543      357      294      344      336      330      358
          337      356      365      297

Atom Distribution No.     4 at run step    2899:

  Count of atoms assigned to each task:
          443      336      375      351      369      345      348      334
          348      354      519      354      275      330      276      357
          375      351      366      348      345      501      363      354
          360      336      345      348      345      339      345      510
          351      351      342      348      348      351      354      354
          357      360      495      345      357      342      351      357
          345      348      354      354      546      354      354      351
          360      348      348      369      348      354      357      465
          345      354      366      375      366      351      336      360
          357      546      357      285      346      345      357      372
          354      348      357      285

Atom Distribution No.     5 at run step    5821:

  Count of atoms assigned to each task:
          435      351      363      354      363      342      345      270
          343      333      498      348      339      264      339      327
          354      345      357      348      282      470      345      345
          354      345      354      348      342      342      351      495
          369      354      354      345      360      348      360      348
          357      369      498      354      360      360      363      360
          354      351      351      360      549      366      363      369
          378      351      366      363      351      351      372      495
          360      357      375      369      375      351      333      282
          360      522      366      358      270      354      345      372
          369      366      357      344

Atom Distribution No.     6 at run step    8742:

  Count of atoms assigned to each task:
          488      342      372      351      357      339      343      333
          285      348      504      351      275      327      342      345
          363      351      366      357      336      405      348      360
          366      351      351      342      333      351      342      498
          351      351      351      348      357      348      354      351
          363      360      489      345      357      351      363      366
          360      360      348      360      531      360      360      363
          375      363      348      366      363      351      366      498
          366      357      378      366      369      345      333      360
          285      516      369      285      346      357      366      372
          369      366      348      273

Atom Distribution No.     7 at run step   11670:

  Count of atoms assigned to each task:
          429      360      369      354      369      345      276      334
          357      348      495      354      336      270      345      354
          372      348      372      351      269      474      363      360
          360      339      351      339      354      351      348      501
          354      348      345      342      351      348      363      348
          348      351      492      348      363      360      360      360
          348      351      354      357      534      363      366      348
          375      348      354      363      357      357      369      495
          348      357      381      360      366      348      339      285
          372      504      351      355      288      351      360      369
          369      360      354      341

Atom Distribution No.     8 at run step   14585:

  Count of atoms assigned to each task:
          491      360      372      360      369      348      334      273
          360      345      507      357      270      336      342      357
          360      351      366      350      330      432      357      351
          357      342      351      339      339      342      357      498
          360      348      345      348      360      345      360      351
          360      357      495      348      366      345      360      354
          354      351      351      360      513      369      360      369
          375      339      357      366      363      357      366      501
          345      354      372      372      369      342      330      363
          288      528      369      276      346      348      363      363
          366      363      345      267

Atom Distribution No.     9 at run step   17501:

  Count of atoms assigned to each task:
          426      360      381      363      369      351      273      337
          354      354      492      354      339      273      345      342
          366      351      363      342      275      471      342      357
          360      345      363      348      342      348      357      510
          363      351      351      339      354      348      360      339
          351      351      492      348      360      348      354      348
          345      357      354      360      516      360      357      372
          366      357      363      366      348      357      369      498
          357      357      366      366      375      348      333      279
          363      507      369      355      276      342      366      375
          375      366      360      335

Atom Distribution No.    10 at run step   20425:

  Count of atoms assigned to each task:
          488      357      384      354      369      342      331      264
          354      354      504      363      267      336      336      345
          363      357      363      353      327      417      348      348
          354      348      351      345      336      342      348      504
          354      360      345      345      348      348      363      354
          360      366      480      342      363      348      360      360
          348      351      354      360      519      360      363      360
          378      348      372      357      369      357      369      507
          372      345      369      369      369      348      336      369
          282      510      366      285      352      348      354      372
          375      369      351      264

Atom Distribution No.    11 at run step   23346:

  Count of atoms assigned to each task:
          417      345      363      354      360      351      270      337
          360      345      498      357      338      267      351      345
          369      342      357      342      279      483      354      357
          357      342      357      351      351      351      351      501
          354      348      348      342      354      354      357      339
          354      357      489      351      372      357      360      363
          348      360      360      369      513      363      372      372
          384      357      357      363      360      366      381      504
          357      360      357      375      363      348      330      288
          351      507      366      346      273      357      348      360
          354      360      354      341

Atom Distribution No.    12 at run step   26255:

  Count of atoms assigned to each task:
          491      357      369      351      372      348      343      264
          351      351      492      357      327      330      279      342
          369      357      366      359      342      414      345      360
          360      348      363      345      351      345      348      501
          354      351      348      348      351      348      357      348
          351      357      489      342      351      348      360      360
          348      357      360      366      531      360      357      360
          378      366      369      360      357      354      372      513
          360      354      366      366      369      345      333      369
          279      507      372      282      349      342      348      363
          360      366      357      270

Atom Distribution No.    13 at run step   29192:

  Count of atoms assigned to each task:
          426      336      378      354      378      345      273      337
          354      342      513      363      270      336      336      339
          366      366      375      339      269      468      354      357
          366      342      360      339      348      357      354      516
          366      354      345      345      354      339      351      339
          357      357      501      348      354      348      366      357
          348      348      366      360      522      366      360      366
          369      360      351      360      351      354      372      507
          369      357      366      369      363      348      321      285
          363      510      378      343      270      351      354      369
          360      366      351      335

Atom Distribution No.    14 at run step   32120:

  Count of atoms assigned to each task:
          491      348      363      348      372      339      343      264
          351      348      498      351      333      273      363      345
          363      348      369      354      338      408      360      357
          363      345      348      348      351      363      360      501
          360      354      345      345      354      348      351      357
          354      354      477      354      360      357      369      354
          348      363      363      360      516      372      357      372
          387      366      354      369      351      354      366      498
          360      354      354      372      369      348      327      360
          276      504      375      279      349      345      351      363
          366      363      348      267

Atom Distribution No.    15 at run step   35044:

  Count of atoms assigned to each task:
          429      339      381      348      375      339      279      325
          363      348      504      354      276      333      351      336
          363      345      381      354      332      396      363      348
          375      354      360      345      345      348      360      522
          366      357      339      345      360      354      360      357
          357      351      477      357      363      351      360      348
          336      354      354      354      510      363      357      360
          375      360      351      369      354      360      366      492
          363      363      363      363      369      351      324      285
          369      510      369      349      270      348      348      366
          363      360      366      338

Atom Distribution No.    16 at run step   37950:

  Count of atoms assigned to each task:
          494      342      369      354      375      348      340      270
          360      351      498      366      344      276      339      357
          366      348      384      348      345      408      357      363
          360      348      351      339      354      366      360      495
          363      345      339      348      366      360      363      360
          351      354      492      354      369      357      357      348
          348      360      354      360      507      369      357      369
          375      345      357      357      354      354      357      501
          351      348      360      372      360      336      345      363
          288      507      361      279      348      342      354      357
          351      363      348      267

Atom Distribution No.    17 at run step   40871:

  Count of atoms assigned to each task:
          429      351      360      348      372      342      267      334
          363      354      501      351      330      342      276      351
          378      354      372      294      344      468      366      360
          375      351      360      342      345      345      363      507
          369      354      345      342      351      342      366      348
          351      354      483      345      363      354      354      348
          342      348      348      348      507      363      363      357
          375      348      354      357      357      357      369      507
          360      357      366      363      378      351      270      351
          363      495      282      355      354      351      360      372
          363      366      363      341

Atom Distribution No.    18 at run step   43790:

  Count of atoms assigned to each task:
          491      345      363      354      363      342      337      276
          360      351      516      357      267      336      345      351
          372      354      375      356      330      408      360      351
          369      348      360      345      351      351      351      495
          360      360      348      345      348      348      363      351
          354      354      492      342      363      351      360      345
          345      351      351      360      495      363      357      369
          375      357      363      369      357      360      375      519
          354      360      357      378      369      339      336      291
          360      513      364      279      342      345      360      369
          360      360      342      267

Atom Distribution No.    19 at run step   46717:

  Count of atoms assigned to each task:
          423      339      369      357      366      345      273      334
          345      348      501      357      348      270      348      342
          366      360      372      342      281      462      363      369
          387      354      363      351      354      351      366      513
          357      360      345      348      354      342      360      339
          363      357      486      339      369      348      372      345
          345      360      345      351      504      369      360      375
          375      357      360      357      345      360      366      510
          351      342      360      372      366      348      321      348
          282      510      288      358      345      348      342      366
          369      372      360      335

Atom Distribution No.    20 at run step   49647:

  Count of atoms assigned to each task:
          494      354      363      345      363      345      334      267
          357      345      501      366      273      336      336      342
          369      357      387      359      330      405      375      360
          384      357      357      342      354      363      369      510
          369      351      342      360      354      354      360      348
          354      354      489      351      363      348      360      348
          348      354      351      357      501      363      357      366
          381      357      369      360      354      357      363      498
          348      351      360      369      369      330      342      282
          369      498      352      282      345      348      357      363
          357      357      339      267

Major Routine Parallel Profiling - NonSetup CPU Seconds:

           D                                                              
           a                                                              
           t                                                              
           a                              D                               
           D         N                    i                               
           i         o                    h                               
           s         n             A      e      S      R      O         T
   T       t         B      B      n      d      h      u      t         o
   a       r         o      o      g      r      a      n      h         t
   s       i         n      n      l      a      k      M      e         a
   k       b         d      d      e      l      e      D      r         l
------------------------------------------------------------------------------
   0    52.3     142.9    0.2    1.4    4.8    0.7   11.9    0.2     214.3
   1    55.1     147.7    0.1    0.1    0.1    0.5   10.7    0.1     214.4
   2    54.9     147.5    0.1    0.1    0.1    0.5   11.1    0.2     214.4
   3    55.0     146.8    0.1    0.1    0.1    0.4   11.3    0.2     214.0
   4    54.0     148.2    0.1    0.1    0.1    0.4   11.1    0.2     214.3
   5    54.9     147.8    0.1    0.1    0.1    0.4   10.9    0.2     214.5
   6    57.6     140.5    0.1    1.1    3.8    0.3   10.7    0.2     214.3
   7    57.7     139.8    0.1    1.2    4.2    0.4   10.8    0.2     214.3
   8    56.2     145.7    0.1    0.2    0.6    0.4   10.9    0.2     214.3
   9    56.1     146.3    0.1    0.1    0.1    0.4   11.1    0.1     214.4
  10    50.0     150.2    0.1    0.1    0.1    0.7   13.0    0.2     214.4
  11    55.1     147.3    0.1    0.1    0.1    0.5   11.1    0.2     214.4
  12    57.8     139.1    0.1    1.4    4.6    0.4   10.7    0.2     214.4
  13    57.9     140.0    0.2    1.1    4.0    0.4   10.7    0.2     214.3
  14    55.9     144.5    0.1    0.5    1.6    0.4   11.1    0.2     214.3
  15    54.9     147.5    0.1    0.1    0.1    0.4   11.2    0.2     214.4
  16    53.3     148.7    0.1    0.1    0.1    0.4   11.3    0.2     214.3
  17    53.7     148.4    0.1    0.1    0.1    0.4   11.4    0.2     214.3
  18    53.2     148.9    0.1    0.1    0.1    0.4   11.3    0.2     214.3
  19    55.0     146.2    0.1    0.4    0.9    0.4   11.1    0.2     214.4
  20    57.1     140.8    0.1    1.3    3.7    0.4   10.8    0.2     214.4
  21    53.7     142.1    0.2    1.2    4.3    0.7   11.9    0.2     214.4
  22    54.8     147.7    0.1    0.1    0.1    0.4   10.8    0.2     214.3
  23    54.4     147.9    0.1    0.1    0.1    0.5   11.1    0.1     214.3
  24    54.1     148.1    0.1    0.1    0.1    0.4   11.2    0.2     214.3
  25    55.0     147.2    0.1    0.1    0.1    0.4   11.2    0.2     214.3
  26    54.4     147.9    0.1    0.1    0.1    0.4   11.2    0.2     214.5
  27    54.9     147.8    0.1    0.1    0.1    0.4   10.8    0.2     214.4
  28    54.1     147.9    0.1    0.1    0.1    0.4   11.3    0.1     214.1
  29    54.0     147.8    0.1    0.1    0.1    0.5   11.4    0.2     214.1
  30    54.0     147.9    0.1    0.1    0.1    0.5   11.3    0.2     214.1
  31    49.3     150.9    0.1    0.1    0.1    0.8   13.1    0.2     214.4
  32    52.9     148.9    0.1    0.1    0.1    0.4   11.4    0.2     214.1
  33    53.7     148.3    0.1    0.1    0.1    0.5   11.2    0.2     214.1
  34    54.7     147.4    0.1    0.1    0.1    0.4   11.1    0.2     214.1
  35    55.2     147.0    0.1    0.1    0.1    0.5   11.0    0.1     214.1
  36    54.4     147.7    0.1    0.1    0.1    0.5   11.1    0.1     214.2
  37    55.3     146.7    0.1    0.1    0.1    0.5   11.1    0.1     214.1
  38    53.5     148.1    0.1    0.1    0.1    0.5   11.5    0.2     214.1
  39    54.1     147.8    0.1    0.1    0.1    0.5   11.3    0.2     214.1
  40    53.3     148.2    0.1    0.1    0.1    0.5   11.7    0.1     214.1
  41    53.7     148.1    0.1    0.1    0.1    0.5   11.4    0.2     214.1
  42    49.1     150.4    0.1    0.0    0.1    0.8   13.4    0.2     214.1
  43    54.5     147.3    0.1    0.1    0.1    0.5   11.3    0.2     214.1
  44    52.7     148.6    0.1    0.1    0.1    0.4   11.9    0.2     214.1
  45    53.9     147.6    0.1    0.1    0.1    0.5   11.5    0.2     213.9
  46    52.8     148.4    0.1    0.1    0.1    0.5   12.0    0.2     214.1
  47    55.1     146.6    0.1    0.1    0.1    0.5   11.4    0.2     214.1
  48    54.8     146.7    0.1    0.1    0.1    0.4   11.7    0.2     214.1
  49    54.9     146.8    0.1    0.1    0.1    0.5   11.3    0.1     213.9
  50    55.4     146.2    0.1    0.1    0.1    0.4   11.5    0.2     214.0
  51    54.3     147.2    0.1    0.1    0.1    0.5   11.6    0.2     214.0
  52    49.0     150.4    0.1    0.1    0.1    0.8   13.7    0.1     214.2
  53    53.8     148.0    0.1    0.1    0.1    0.5   11.4    0.1     214.1
  54    53.4     148.2    0.1    0.1    0.1    0.5   11.8    0.1     214.2
  55    53.3     148.3    0.1    0.1    0.1    0.5   11.5    0.2     214.0
  56    53.7     148.4    0.1    0.1    0.1    0.5   11.2    0.1     214.2
  57    54.1     148.5    0.1    0.1    0.1    0.5   10.9    0.1     214.2
  58    55.2     147.2    0.1    0.1    0.1    0.4   10.9    0.1     214.1
  59    54.0     148.0    0.1    0.1    0.1    0.5   11.2    0.1     214.1
  60    55.9     146.4    0.1    0.1    0.1    0.4   11.0    0.1     214.2
  61    54.4     148.0    0.1    0.1    0.1    0.5   10.9    0.1     214.1
  62    53.5     148.9    0.1    0.1    0.1    0.5   11.1    0.1     214.3
  63    50.7     149.2    0.1    0.2    0.6    0.8   12.3    0.1     213.9
  64    55.4     147.0    0.1    0.1    0.1    0.4   10.9    0.2     214.2
  65    54.0     148.2    0.1    0.1    0.1    0.5   11.0    0.1     214.0
  66    54.0     148.3    0.1    0.1    0.1    0.4   11.0    0.1     214.1
  67    52.5     149.7    0.1    0.1    0.1    0.5   11.1    0.1     214.1
  68    52.9     149.8    0.1    0.1    0.1    0.4   10.7    0.2     214.2
  69    54.9     148.2    0.1    0.1    0.1    0.5   10.3    0.1     214.1
  70    58.0     144.8    0.1    0.2    0.7    0.4    9.9    0.2     214.2
  71    57.1     140.2    0.1    1.2    4.3    0.4   10.6    0.2     214.1
  72    56.7     141.5    0.1    1.1    3.7    0.4   10.4    0.1     214.1
  73    50.0     150.5    0.1    0.1    0.1    0.8   12.4    0.2     214.1
  74    54.9     146.3    0.1    0.4    1.2    0.5   10.6    0.2     214.2
  75    56.1     140.6    0.2    1.4    4.7    0.4   10.6    0.2     214.1
  76    56.0     142.7    0.1    1.0    3.2    0.4   10.6    0.2     214.2
  77    55.7     146.8    0.1    0.1    0.1    0.4   10.6    0.2     214.0
  78    55.4     147.5    0.1    0.1    0.1    0.5   10.5    0.1     214.2
  79    53.7     148.4    0.1    0.1    0.1    0.5   11.0    0.2     214.0
  80    55.0     147.5    0.1    0.1    0.1    0.5   10.8    0.1     214.1
  81    53.8     148.4    0.1    0.1    0.1    0.5   11.0    0.2     214.1
  82    55.6     147.3    0.1    0.1    0.1    0.5   10.4    0.1     214.2
  83    58.4     138.2    0.1    1.4    4.9    0.4   10.6    0.1     214.2
------------------------------------------------------------------------------
 avg    54.4     146.8    0.1    0.3    0.7    0.5   11.2    0.2     214.2
 min    49.0     138.2    0.1    0.0    0.1    0.3    9.9    0.1     213.9
 max    58.4     150.9    0.2    1.4    4.9    0.8   13.7    0.2     214.5
 std     1.9       2.8    0.0    0.4    1.4    0.1    0.6    0.0       0.1
------------------------------------------------------------------------------

PME NonBond Parallel Profiling - NonSetup CPU Seconds:

                     D                           
           P         i         R                 
           a         r         e      L          
           i         e         c      o          
           r         c         i      a         T
   T       l         t         p      d         o
   a       i         F         F      B         t
   s       s         r         r      a         a
   k       t         c         c      l         l
-------------------------------------------------
   0    20.0     122.4       0.0    0.1     142.5
   1    17.1      96.7      33.6    0.1     147.5
   2    17.6      97.6      31.9    0.1     147.2
   3    17.0      98.1      31.3    0.1     146.7
   4    17.7      99.5      30.4    0.1     147.9
   5    17.3      99.9      30.3    0.1     147.6
   6    16.2      91.8      32.1    0.1     140.3
   7    16.0      91.8      31.8    0.2     139.7
   8    17.2      95.3      32.7    0.2     145.3
   9    16.9      96.3      32.8    0.2     146.2
  10    21.9     127.4       0.2    0.2     149.7
  11    17.4      98.4      31.1    0.2     147.1
  12    15.8      88.5      34.3    0.2     138.9
  13    15.9      89.6      34.2    0.2     139.9
  14    17.0      94.9      32.2    0.2     144.2
  15    17.3      97.9      32.0    0.2     147.4
  16    18.2      99.8      30.3    0.2     148.4
  17    17.7      99.9      30.5    0.2     148.3
  18    18.2     100.5      29.6    0.2     148.6
  19    17.6      97.8      30.5    0.2     146.1
  20    16.3      90.7      33.6    0.2     140.8
  21    20.6     121.2       0.0    0.2     142.1
  22    17.5      95.8      33.8    0.2     147.4
  23    17.6      96.2      33.6    0.2     147.7
  24    17.9      96.6      33.0    0.2     147.7
  25    17.3      97.2      32.3    0.2     147.0
  26    17.9      97.5      31.9    0.2     147.6
  27    17.4      99.1      30.9    0.2     147.5
  28    17.4     100.4      29.9    0.2     147.9
  29    17.4      97.8      32.4    0.2     147.8
  30    17.5      97.4      32.6    0.2     147.6
  31    22.0     128.1       0.3    0.2     150.6
  32    17.9     100.0      30.5    0.2     148.6
  33    17.7      98.6      31.4    0.2     148.0
  34    17.1      97.3      32.4    0.2     147.0
  35    17.0      94.8      34.7    0.2     146.7
  36    17.2      94.8      35.2    0.2     147.4
  37    17.1      94.9      34.2    0.2     146.5
  38    17.6      98.7      31.3    0.2     147.8
  39    17.3      98.1      31.9    0.2     147.6
  40    17.7     100.1      30.2    0.2     148.2
  41    17.4      98.5      31.7    0.2     147.8
  42    21.3     128.8       0.0    0.2     150.3
  43    17.1      98.0      31.8    0.2     147.1
  44    17.8      99.8      30.8    0.2     148.5
  45    17.4      98.6      31.3    0.2     147.4
  46    17.7     100.4      30.0    0.2     148.4
  47    17.1      95.9      33.3    0.2     146.4
  48    16.9      97.4      32.1    0.2     146.6
  49    17.0      96.7      32.8    0.2     146.6
  50    17.0      96.4      32.7    0.2     146.3
  51    17.3      98.1      31.7    0.1     147.2
  52    21.7     128.5       0.2    0.1     150.6
  53    17.4     100.6      29.9    0.1     148.0
  54    17.5     102.1      28.7    0.1     148.4
  55    17.5     101.2      29.4    0.1     148.3
  56    18.0     101.7      28.5    0.1     148.3
  57    17.9     100.6      29.8    0.1     148.4
  58    17.8      98.0      31.1    0.1     147.0
  59    18.1      99.6      30.1    0.1     147.9
  60    17.6      96.9      31.8    0.1     146.4
  61    17.8      99.9      30.1    0.1     147.9
  62    18.3     102.3      28.2    0.1     148.9
  63    21.8     127.2       0.0    0.1     149.1
  64    17.8      97.7      31.2    0.1     146.9
  65    17.8      99.5      30.5    0.1     148.0
  66    18.1      99.2      30.6    0.1     148.1
  67    18.4     101.5      29.5    0.1     149.6
  68    18.3     100.8      30.1    0.1     149.3
  69    17.9     101.9      28.1    0.1     148.0
  70    16.8      93.9      33.6    0.1     144.5
  71    16.9      91.2      32.0    0.1     140.2
  72    16.8      90.5      34.1    0.1     141.5
  73    22.5     127.5       0.2    0.1     150.3
  74    17.6      96.5      31.9    0.1     146.1
  75    16.3      90.7      33.5    0.1     140.6
  76    16.6      95.0      30.9    0.1     142.7
  77    17.5      99.3      29.8    0.1     146.7
  78    18.1      98.4      30.8    0.1     147.3
  79    18.5     101.7      27.9    0.1     148.2
  80    18.1      97.7      31.3    0.1     147.3
  81    18.1      99.9      30.1    0.1     148.2
  82    17.6      96.6      33.0    0.1     147.3
  83    15.7      88.3      34.2    0.1     138.3
-------------------------------------------------
 avg    17.8     100.2      28.5    0.2     146.7
-------------------------------------------------
